  0.02932327
  0.02206027
 -0.01957262
  0.01355047
  0.01622934
  0.02395228
 -0.01007024
  0.04786011
  0.05198679
  0.06382683
  0.05672637
  0.06275699
  0.03484784
  0.01725125
  0.06088385
  0.00385571
 -0.01435642
  0.07011367
  0.07233956
  0.03246456
  0.06669314
  0.02939603
  0.02285332
  0.05767067
  0.01703005
  0.06460015
 -0.01791602
  0.00236849
  0.05100665
  0.04927073
  0.06510439
 -0.00973357
  0.05553434
 -0.00686958
  0.02561806
  0.06190470
 -0.00227189
  0.02889050
  0.03297612
  0.05527434
 -0.01662382
  0.02989139
  0.03123055
  0.03831649
 -0.00145410
  0.02661194
 -0.01141215
  0.04516039
  0.01990456
  0.01848096
  0.06674240
  0.06316689
  0.02384346
 -0.01993459
  0.01076399
  0.04103772
  0.03179283
  0.01099241
 -0.01558257
  0.02051332
  0.03935787
  0.02705339
 -0.00790380
  0.02411222
 -0.02103358
  0.01055614
  0.01808196
 -0.01842061
  0.05332189
  0.02680748
 -0.00711462
  0.06830800
 -0.01670083
  0.06158631
 -0.02001521
  0.02347850
  0.03362950
  0.01215182
 -0.01504087
 -0.01170574
  0.00070169
 -0.02153003
  0.03398608
  0.00744293
  0.02564529
 -0.00447044
  0.06651622
  0.04848600
  0.07197665
  0.05332911
 -0.01824181
  0.05410556
  0.05085006
  0.04268403
  0.05588694
 -0.02123492
  0.03696888
 -0.01227318
  0.01452643
 -0.00991353
  0.01369271
  0.05810596
  0.07068194
  0.03824750
  0.07023502
 -0.02265221
  0.03116610
 -0.00443852
  0.02456597
  0.00088287
  0.02431160
  0.06346260
  0.01616936
  0.03075300
  0.01570645
  0.01919035
  0.03984687
  0.04695012
  0.05555946
  0.06814007
  0.05994278
  0.05660540
  0.03815290
  0.06070491
 -0.02146329
  0.02960491
 -0.01320423
 -0.00491266
  0.02249154
 -0.01269980
  0.06674442
  0.05374401
  0.04740632
  0.03621889
  0.03629236
  0.07091406
  0.07062532
  0.01134819
  0.02945025
 -0.00661922
  0.00505818
  0.06853284
  0.06966817
 -0.00782521
 -0.00799821
 -0.02195509
  0.07107650
 -0.00702041
  0.02163490
  0.03453732
  0.07057942
 -0.02066824
  0.01395284
  0.04056592
  0.05588335
  0.00946597
  0.02921858
 -0.01318226
  0.05106153
 -0.02121463
  0.03215288
  0.05004608
  0.00704627
  0.06587714
  0.02003168
  0.01207795
 -0.01987142
  0.02727032
  0.00249814
  0.04687764
 -0.01072542
  0.03912895
  0.02759205
  0.02462596
 -0.02300617
  0.03870105
  0.03724209
  0.01740663
  0.04869907
 -0.00669847
 -0.01053976
  0.04959710
 -0.00337170
  0.04273847
 -0.01601770
  0.01780298
  0.01784458
 -0.00765548
  0.02886822
  0.02319139
  0.05458696
  0.06143526
  0.05339234
  0.04212429
  0.00745902
  0.06355983
  0.01404465
  0.00827255
 -0.02084442
 -0.01611813
  0.06517462
 -0.00696068
  0.02273181
  0.07108062
  0.00122698
  0.00767503
  0.04317758
  0.06020630
  0.01519347
  0.02139400
 -0.01350947
  0.04382473
 -0.01173038
  0.01155751
  0.05915642
 -0.00025493
  0.00047930
 -0.01574111
  0.01255950
  0.01162880
  0.03529891
  0.00893173
  0.05261667
  0.03804627
  0.06361191
 -0.00982353
 -0.01713168
  0.05939400
  0.03177566
  0.05373629
  0.05951966
  0.01852402
  0.02174143
  0.07164931
 -0.00071481
  0.06337283
  0.06133860
  0.06547484
 -0.01445648
  0.01075079
  0.01378262
  0.02863917
  0.04556967
  0.01627665
  0.04590745
 -0.01346893
 -0.01784972
  0.05753132
  0.05062600
  0.04673307
  0.00924403
  0.05284701
  0.01754413
  0.02008439
  0.00494041
  0.06082616
  0.00091630
  0.01482160
 -0.00352384
  0.01276580
  0.06733203
  0.02201712
  0.06220207
 -0.01474001
 -0.01192545
  0.01114083
  0.00371058
  0.04978579
 -0.02282106
 -0.00833436
  0.01838983
  0.02021587
  0.02677722
  0.03045664
 -0.01706500
  0.06748383
  0.05134072
  0.00639429
  0.05993304
  0.02436690
  0.05011645
  0.05878825
  0.05897654
  0.01998842
  0.06330810
 -0.01037976
  0.05592399
  0.02900778
  0.04302318
  0.00824275
  0.06229991
 -0.00765829
  0.06837326
 -0.01273643
  0.07093361
  0.06332562
 -0.00431853
 -0.02255296
  0.05209965
  0.05425333
  0.01082112
  0.07001542
  0.05506886
  0.06451117
  0.03297753
  0.04366964
  0.01998180
  0.03778782
 -0.00896138
 -0.00107332
  0.04337850
  0.02066076
 -0.01540270
  0.06558029
  0.05284692
  0.00176358
  0.04449157
 -0.00217925
  0.00742218
  0.01250849
  0.02265569
  0.07196723
  0.06360242
  0.06572495
  0.01549993
  0.03939830
  0.01202832
  0.06693710
  0.03616812
 -0.01710101
  0.03604192
  0.03707305
  0.01210675
  0.01352510
 -0.01263964
  0.01198566
  0.02835119
  0.01778714
 -0.01518850
  0.02947083
  0.05750432
  0.00082335
  0.02796965
  0.02976586
  0.04574572
  0.02143780
  0.06728004
  0.07150325
  0.00310616
  0.05091953
  0.06596612
  0.06751151
  0.00560798
  0.00166129
 -0.01464618
  0.02901205
 -0.01524379
  0.01875056
  0.06631953
  0.05330848
  0.03472649
  0.07000827
  0.02910601
  0.01398018
 -0.00479982
 -0.00255368
  0.01609961
  0.02082477
 -0.02217850
  0.00439219
  0.00428397
 -0.01980207
  0.00023247
  0.02647746
  0.06041719
  0.04619606
  0.02455669
 -0.00393457
  0.03203614
  0.01858441
  0.06938226
  0.05796580
  0.05492149
  0.03524647
  0.00708065
  0.03083591
 -0.01980948
 -0.00481171
  0.00573728
  0.03083207
 -0.00970513
  0.00224027
  0.05421993
 -0.01922537
 -0.00554515
  0.03268569
  0.02137031
 -0.00335324
 -0.02271676
  0.04017700
  0.01518791
  0.03859299
  0.00141375
  0.01006796
 -0.00081702
  0.06682531
  0.00910265
  0.02176564
  0.00670575
  0.00237335
  0.01184546
  0.02797687
  0.03514116
  0.03468684
 -0.00586609
 -0.01116996
  0.06852643
  0.03775377
 -0.02262647
  0.01767414
  0.02291534
  0.05740477
  0.01981716
  0.04098730
  0.01606547
 -0.00722272
  0.02423267
  0.02769868
  0.02350686
 -0.00620266
  0.05682182
  0.03431837
 -0.00588183
 -0.01705101
  0.01026410
  0.02764363
 -0.01859800
 -0.01316908
  0.02298934
  0.07175823
  0.06716703
  0.02767810
  0.03150672
  0.07179495
  0.05578453
 -0.00423864
 -0.02309059
  0.05838521
 -0.01661530
  0.01611805
  0.06022889
  0.06740893
  0.03218056
  0.04720252
 -0.00205538
  0.01910780
  0.00978232
  0.04782309
  0.06073034
  0.05072496
  0.02840904
  0.06610379
  0.01832656
 -0.02326618
  0.05128849
 -0.01579548
  0.04486715
 -0.01152790
 -0.00211421
  0.00727344
  0.05233018
  0.00396375
  0.01949822
  0.05018116
  0.02903699
  0.04940270
 -0.02045829
 -0.01285004
  0.02513387
 -0.02243565
  0.03598866
  0.06142251
 -0.00741599
  0.05927472
  0.03009918
  0.03597654
  0.06663178
 -0.01361061
  0.01535937
  0.01557490
  0.00879995
  0.05362798
  0.05077567
 -0.00578985
  0.03074422
  0.03546926
  0.07060374
  0.02250780
  0.07139846
  0.03289738
  0.01303334
  0.03655670
  0.02513261
 -0.00158045
  0.00540216
  0.03299051
  0.06126161
  0.06340487
  0.00950482
  0.02897679
  0.02089921
  0.00816162
  0.06507294
  0.06613471
  0.01699064
  0.05576319
  0.06180036
  0.00812469
  0.03446990
  0.01377088
  0.04651236
  0.04284770
  0.00606409
  0.00545844
  0.04264452
 -0.00783631
  0.01979455
  0.02238021
  0.06695210
  0.05750133
 -0.01365131
  0.03942452
 -0.01671683
 -0.00262589
  0.03053834
  0.00755097
 -0.01819833
  0.03927150
  0.04535246
 -0.00424671
  0.06584811
  0.03279059
  0.04139863
 -0.02044214
 -0.01147104
  0.02204000
  0.04661361
  0.02510188
  0.04973004
 -0.00326845
  0.00025111
  0.01762177
  0.02090124
  0.01712073
  0.02366673
  0.01247329
  0.03019789
  0.01383132
  0.05776835
  0.07243286
  0.05755660
  0.01294468
  0.06033674
  0.06959719
  0.07149582
  0.02297829
  0.03764996
 -0.01472924
  0.06849234
  0.01621249
  0.06857097
  0.03280184
  0.02446576
  0.01366196
  0.03699281
  0.00614858
  0.05475004
  0.00847237
  0.06225674
  0.01418261
  0.02294723
  0.04190085
  0.04780776
  0.02156670
  0.01423242
  0.06727680
  0.03112367
  0.00534734
  0.03267893
  0.05353126
  0.04584580
 -0.01273218
  0.01334669
  0.02400602
  0.06476743
  0.01957904
  0.06561660
 -0.00258608
  0.05614482
  0.03161768
  0.06750752
  0.02003886
  0.00539303
  0.06225497
 -0.00674815
  0.02448744
 -0.02123687
  0.06010223
  0.00004901
  0.06633315
  0.02297282
  0.06222008
  0.04794263
  0.05345032
  0.02118061
  0.05829611
  0.03016299
  0.03406291
  0.04609627
  0.07105325
 -0.01549550
  0.01300024
  0.04857282
  0.00335694
 -0.01697607
  0.01205028
  0.03298110
  0.05534698
  0.00122377
  0.03768533
  0.00066517
  0.05538396
  0.02150318
  0.02361154
  0.03532642
  0.04429000
  0.01475744
  0.07289863
  0.07237717
  0.04877706
  0.01619913
  0.06451848
 -0.00407615
  0.00017624
  0.04586356
 -0.01294086
  0.01960150
  0.00696763
  0.00096705
 -0.00643396
  0.06562962
  0.00703950
 -0.02105984
  0.05152316
  0.06638982
 -0.02285462
  0.01293036
  0.02206947
 -0.00674161
  0.04065793
  0.06057684
  0.01855032
  0.00211540
  0.03054021
  0.01006723
  0.05384341
  0.00517447
  0.02846528
  0.04729265
  0.06691595
 -0.01871601
  0.04077562
  0.06006582
  0.00647421
  0.00527360
  0.05411213
  0.00318494
  0.05573966
  0.01997218
  0.02884648
  0.04332577
  0.04649751
  0.07119890
 -0.00758345
  0.05671818
  0.06375524
 -0.02270935
  0.06166887
  0.01311821
  0.02999874
  0.04718616
 -0.00722246
  0.05135670
  0.07166171
  0.02447861
  0.00960136
  0.01399575
  0.00689492
  0.00181861
 -0.00281450
  0.03234885
 -0.01493046
  0.06807514
  0.06494478
 -0.01199243
  0.01319900
  0.03844869
  0.02270167
  0.04164107
 -0.00110639
  0.06395239
  0.02661208
 -0.00226717
  0.00152985
 -0.00259287
  0.05577156
  0.02875175
  0.00276516
 -0.01359828
 -0.01452573
 -0.00342434
  0.06054696
  0.02337541
  0.06791214
 -0.00803562
  0.00048833
  0.00563858
  0.06966875
  0.02189284
  0.05148519
  0.06950882
 -0.00366359
 -0.02085391
  0.06219280
  0.04626301
  0.01332146
  0.05084354
 -0.01306347
 -0.01260651
  0.01295410
  0.06837617
  0.06147319
  0.02254711
 -0.00147900
  0.01073432
  0.00338487
 -0.01372847
  0.00484610
 -0.00155044
  0.05289982
  0.02518033
  0.06746905
  0.00045132
  0.03767500
  0.04912659
  0.02543783
  0.06514053
 -0.01413938
  0.03079557
  0.01228335
  0.03745944
 -0.00466433
 -0.01773196
  0.01887830
 -0.00060566
  0.03433835
  0.00669692
 -0.02095064
  0.04303126
 -0.01571548
 -0.00480443
 -0.00550124
  0.06880587
  0.00377628
  0.04085071
 -0.00687848
  0.05125226
  0.00700013
  0.07005704
 -0.01853334
  0.03686802
  0.02257823
  0.05007615
  0.01918871
  0.04726888
  0.00295416
  0.06664045
  0.00144870
  0.06371433
  0.01472439
  0.06751561
  0.03953577
  0.03346806
 -0.01721516
  0.05278781
 -0.00580882
 -0.02148839
  0.01498521
 -0.01431512
  0.05348312
 -0.00948226
 -0.00279132
  0.06540996
 -0.01004152
  0.00423797
  0.03542288
 -0.00702565
  0.05939206
  0.05583351
  0.06462078
  0.05580487
  0.03247018
  0.06881681
  0.02138358
 -0.00501606
  0.01374322
  0.02687005
  0.02920699
  0.04668098
 -0.00279836
  0.05733161
 -0.01072641
  0.00839146
 -0.00596966
  0.01795985
  0.03791647
  0.03651652
  0.06536536
  0.07221382
  0.04834499
  0.00663320
  0.05866755
  0.00927531
  0.02817578
  0.06418769
  0.04198313
  0.00742918
  0.03565529
 -0.01297219
  0.06898166
  0.05410520
 -0.02202191
  0.03550766
  0.07032683
  0.04703239
  0.01237314
 -0.02126615
 -0.00366058
  0.06673529
  0.06655402
  0.00301960
  0.05102736
  0.04404829
  0.06170962
  0.01098821
  0.05619296
 -0.00840164
  0.01519140
  0.04992891
  0.06499788
 -0.00948453
  0.06599302
  0.06234158
  0.00495873
 -0.00718702
  0.04361380
 -0.01261511
 -0.02099256
  0.00395870
  0.00174456
 -0.00784305
  0.01852048
 -0.00268867
  0.06956291
  0.06802049
  0.03283090
  0.06714153
  0.03651448
  0.02108932
  0.03954708
  0.04665013
  0.03923576
  0.00541790
  0.02454846
 -0.01852352
  0.00044058
  0.01648746
  0.06759445
 -0.01733532
  0.02312930
 -0.00143955
  0.03791658
  0.01099907
 -0.00148826
  0.01586033
  0.01370469
  0.01627028
  0.03190493
 -0.01754816
 -0.01308345
  0.02616572
  0.01122217
  0.04816731
 -0.00439771
 -0.00895074
  0.01542442
  0.02010322
 -0.01817056
  0.01145139
  0.04314385
  0.02161836
  0.06526728
  0.07183331
 -0.00771923
 -0.00251991
  0.01872018
  0.01163414
  0.04967984
  0.01063747
  0.05592443
  0.03216676
 -0.02379333
  0.03273170
 -0.01665491
  0.01186538
  0.02442925
 -0.01320057
 -0.01205062
  0.04700632
 -0.01312504
 -0.01957966
  0.02752844
  0.06225770
  0.03293965
 -0.00743996
  0.06319831
  0.04501006
 -0.01466063
  0.04051244
  0.01996748
  0.00491096
 -0.00616212
  0.04044859
 -0.02167843
 -0.01337223
 -0.02382230
  0.02889558
  0.03169177
  0.02111848
  0.05642733
  0.05716460
  0.01751869
 -0.01282983
  0.03435478
  0.03859978
 -0.01111197
 -0.02176254
  0.04328848
  0.01589439
  0.02906677
  0.04826998
  0.04686392
  0.05390173
  0.00849138
 -0.02282356
 -0.00787994
  0.06809206
  0.00189443
  0.01985771
  0.04354935
  0.04736778
  0.06840387
  0.01779246
 -0.01756719
  0.03816742
 -0.01042024
 -0.01922586
 -0.00474393
 -0.01109235
  0.00737647
  0.04490716
  0.05139309
 -0.01796343
  0.06899617
 -0.00339869
 -0.02032129
 -0.00553388
  0.03276831
  0.03551877
  0.04858387
  0.01432782
  0.05017048
 -0.01673508
  0.02530386
 -0.00370679
 -0.00492540
  0.04669559
 -0.01974792
  0.00806053
  0.03302987
