56.00
48.00
5.00
39.00
42.00
50.00
14.00
75.00
79.00
90.00
84.00
90.00
61.00
43.00
89.00
29.00
10.00
98.00
100.00
58.00
94.00
56.00
49.00
85.00
42.00
92.00
7.00
27.00
78.00
76.00
93.00
14.00
82.00
18.00
52.00
89.00
22.00
55.00
59.00
82.00
8.00
56.00
57.00
65.00
23.00
52.00
13.00
72.00
47.00
44.00
94.00
90.00
50.00
4.00
36.00
67.00
58.00
36.00
10.00
47.00
66.00
53.00
16.00
50.00
3.00
36.00
44.00
5.00
80.00
53.00
18.00
96.00
8.00
88.00
4.00
49.00
59.00
37.00
9.00
13.00
26.00
3.00
60.00
33.00
51.00
20.00
94.00
75.00
100.00
80.00
6.00
81.00
77.00
69.00
83.00
3.00
63.00
12.00
40.00
14.00
40.00
85.00
99.00
64.00
98.00
2.00
58.00
20.00
51.00
26.00
50.00
91.00
41.00
57.00
42.00
45.00
66.00
73.00
83.00
96.00
87.00
83.00
65.00
88.00
3.00
56.00
11.00
20.00
48.00
12.00
94.00
81.00
74.00
62.00
63.00
98.00
98.00
36.00
56.00
17.00
30.00
97.00
98.00
17.00
17.00
2.00
99.00
19.00
48.00
61.00
99.00
3.00
40.00
67.00
83.00
35.00
55.00
11.00
78.00
3.00
58.00
76.00
32.00
94.00
47.00
37.00
4.00
53.00
27.00
74.00
13.00
65.00
54.00
51.00
1.00
65.00
64.00
43.00
75.00
18.00
14.00
77.00
22.00
69.00
8.00
43.00
44.00
17.00
55.00
49.00
82.00
89.00
80.00
69.00
33.00
91.00
40.00
34.00
3.00
8.00
93.00
18.00
49.00
99.00
26.00
32.00
70.00
87.00
41.00
47.00
11.00
71.00
13.00
37.00
87.00
25.00
26.00
9.00
38.00
37.00
61.00
34.00
80.00
64.00
91.00
14.00
8.00
86.00
58.00
81.00
87.00
44.00
47.00
99.00
25.00
91.00
89.00
93.00
10.00
36.00
39.00
55.00
72.00
42.00
73.00
11.00
7.00
85.00
78.00
73.00
34.00
80.00
43.00
46.00
30.00
88.00
26.00
40.00
22.00
39.00
95.00
48.00
90.00
9.00
13.00
37.00
29.00
77.00
1.00
17.00
44.00
46.00
53.00
56.00
7.00
96.00
79.00
31.00
87.00
50.00
77.00
86.00
87.00
46.00
91.00
14.00
83.00
55.00
70.00
33.00
90.00
17.00
97.00
11.00
99.00
91.00
20.00
1.00
79.00
81.00
36.00
97.00
82.00
92.00
59.00
70.00
45.00
64.00
16.00
24.00
70.00
46.00
9.00
93.00
80.00
27.00
71.00
23.00
33.00
38.00
48.00
100.00
91.00
94.00
41.00
66.00
37.00
94.00
63.00
7.00
62.00
63.00
37.00
39.00
12.00
37.00
54.00
44.00
9.00
56.00
85.00
25.00
53.00
56.00
73.00
47.00
95.00
100.00
28.00
78.00
93.00
95.00
30.00
26.00
10.00
55.00
10.00
45.00
95.00
80.00
61.00
98.00
55.00
39.00
20.00
22.00
42.00
46.00
2.00
29.00
30.00
4.00
25.00
53.00
88.00
73.00
51.00
21.00
58.00
44.00
98.00
85.00
82.00
62.00
32.00
57.00
4.00
20.00
32.00
57.00
15.00
27.00
82.00
5.00
19.00
59.00
47.00
21.00
1.00
67.00
40.00
65.00
27.00
35.00
24.00
95.00
33.00
47.00
32.00
28.00
38.00
54.00
61.00
61.00
19.00
13.00
96.00
64.00
1.00
44.00
49.00
85.00
46.00
68.00
42.00
17.00
50.00
54.00
49.00
18.00
84.00
60.00
19.00
8.00
35.00
54.00
6.00
12.00
48.00
100.00
95.00
53.00
58.00
99.00
83.00
20.00
1.00
85.00
8.00
42.00
87.00
95.00
57.00
74.00
23.00
45.00
35.00
75.00
89.00
78.00
54.00
93.00
44.00
1.00
78.00
9.00
72.00
13.00
23.00
32.00
79.00
29.00
45.00
77.00
55.00
77.00
4.00
11.00
52.00
1.00
62.00
89.00
17.00
87.00
56.00
62.00
94.00
11.00
41.00
40.00
34.00
81.00
78.00
19.00
57.00
62.00
98.00
49.00
99.00
60.00
39.00
63.00
51.00
23.00
30.00
59.00
89.00
90.00
34.00
55.00
47.00
33.00
93.00
93.00
43.00
83.00
89.00
34.00
60.00
39.00
73.00
69.00
31.00
31.00
69.00
17.00
46.00
48.00
95.00
85.00
11.00
66.00
7.00
23.00
56.00
33.00
6.00
65.00
73.00
20.00
94.00
59.00
68.00
2.00
13.00
49.00
73.00
51.00
76.00
22.00
25.00
44.00
46.00
43.00
50.00
38.00
57.00
40.00
85.00
100.00
85.00
38.00
87.00
97.00
100.00
48.00
64.00
10.00
96.00
42.00
97.00
59.00
51.00
40.00
63.00
31.00
82.00
34.00
90.00
40.00
49.00
69.00
74.00
47.00
39.00
95.00
57.00
31.00
59.00
80.00
73.00
12.00
39.00
50.00
92.00
45.00
94.00
21.00
82.00
58.00
95.00
46.00
31.00
89.00
18.00
50.00
3.00
88.00
25.00
94.00
49.00
89.00
74.00
81.00
47.00
85.00
56.00
60.00
73.00
99.00
9.00
38.00
76.00
29.00
7.00
37.00
60.00
83.00
26.00
64.00
26.00
82.00
48.00
50.00
61.00
70.00
40.00
100.00
100.00
75.00
42.00
92.00
21.00
26.00
73.00
12.00
45.00
32.00
26.00
18.00
92.00
33.00
4.00
79.00
94.00
2.00
38.00
48.00
18.00
67.00
88.00
45.00
27.00
56.00
35.00
80.00
31.00
55.00
74.00
94.00
6.00
67.00
87.00
33.00
30.00
81.00
29.00
83.00
46.00
55.00
69.00
73.00
99.00
17.00
84.00
92.00
2.00
89.00
39.00
56.00
74.00
17.00
79.00
99.00
50.00
35.00
40.00
32.00
27.00
23.00
58.00
9.00
96.00
92.00
12.00
39.00
65.00
48.00
68.00
24.00
91.00
53.00
22.00
27.00
22.00
83.00
55.00
28.00
11.00
10.00
21.00
87.00
49.00
96.00
17.00
26.00
31.00
98.00
47.00
78.00
97.00
22.00
3.00
89.00
73.00
39.00
78.00
11.00
12.00
39.00
96.00
90.00
48.00
23.00
36.00
29.00
10.00
30.00
23.00
80.00
51.00
95.00
25.00
64.00
76.00
52.00
93.00
10.00
57.00
37.00
65.00
20.00
7.00
45.00
25.00
60.00
32.00
3.00
69.00
8.00
20.00
19.00
97.00
28.00
67.00
18.00
78.00
32.00
98.00
6.00
63.00
49.00
77.00
45.00
74.00
28.00
95.00
26.00
91.00
41.00
96.00
66.00
60.00
7.00
81.00
18.00
2.00
40.00
11.00
81.00
15.00
22.00
93.00
14.00
29.00
63.00
17.00
86.00
83.00
92.00
83.00
58.00
96.00
47.00
20.00
40.00
54.00
55.00
73.00
21.00
84.00
14.00
34.00
19.00
43.00
65.00
63.00
93.00
99.00
75.00
32.00
86.00
34.00
55.00
92.00
68.00
33.00
62.00
11.00
97.00
81.00
2.00
61.00
98.00
74.00
38.00
3.00
21.00
94.00
94.00
29.00
78.00
71.00
89.00
36.00
84.00
16.00
41.00
77.00
92.00
16.00
94.00
90.00
29.00
17.00
70.00
12.00
3.00
29.00
26.00
17.00
43.00
22.00
96.00
96.00
58.00
95.00
63.00
47.00
66.00
73.00
65.00
31.00
51.00
6.00
25.00
42.00
95.00
7.00
49.00
24.00
64.00
36.00
23.00
41.00
39.00
42.00
58.00
6.00
12.00
52.00
37.00
75.00
20.00
16.00
41.00
45.00
6.00
37.00
70.00
47.00
93.00
99.00
17.00
22.00
44.00
38.00
77.00
36.00
83.00
58.00
1.00
59.00
8.00
38.00
50.00
11.00
13.00
74.00
11.00
5.00
54.00
89.00
59.00
18.00
91.00
72.00
9.00
67.00
46.00
30.00
18.00
66.00
3.00
10.00
1.00
55.00
57.00
47.00
83.00
84.00
43.00
12.00
61.00
66.00
13.00
2.00
68.00
42.00
55.00
76.00
74.00
80.00
33.00
2.00
17.00
96.00
27.00
45.00
70.00
74.00
96.00
44.00
7.00
65.00
14.00
5.00
20.00
14.00
32.00
71.00
78.00
5.00
96.00
22.00
4.00
19.00
59.00
62.00
76.00
40.00
77.00
8.00
52.00
21.00
19.00
74.00
4.00
33.00
58.00
